7.500000 12.500000 2
7.500000 15.000000 2
10.000000 10.000000 2
10.000000 12.500000 2
10.000000 15.000000 2
12.500000 10.000000 2
12.500000 12.500000 2
12.500000 15.000000 2
12.500000 17.500000 2
15.000000 10.000000 2
15.000000 12.500000 2
15.000000 15.000000 2
15.000000 17.500000 2
17.500000 10.000000 2
17.500000 12.500000 2
17.500000 15.000000 2
17.500000 17.500000 2
20.000000 10.000000 2
20.000000 12.500000 2
20.000000 15.000000 2
20.000000 17.500000 2
20.000000 20.000000 2
22.500000 12.500000 2
22.500000 15.000000 2
22.500000 17.500000 2
22.500000 20.000000 2
25.000000 12.500000 2
25.000000 15.000000 2
25.000000 17.500000 2
25.000000 20.000000 2
27.500000 12.500000 2
27.500000 15.000000 2
27.500000 17.500000 2
27.500000 20.000000 2
30.000000 15.000000 2
30.000000 17.500000 2
30.000000 20.000000 2
32.500000 15.000000 2
32.500000 17.500000 2


5.000000 25.000000 1
5.000000 27.500000 1
5.000000 30.000000 1
7.500000 20.000000 1
7.500000 22.500000 1
7.500000 25.000000 1
7.500000 27.500000 1
7.500000 30.000000 1
7.500000 32.500000 1
7.500000 35.000000 1
7.500000 37.500000 1
10.000000 20.000000 1
10.000000 22.500000 1
10.000000 25.000000 1
10.000000 27.500000 1
10.000000 30.000000 1
10.000000 32.500000 1
10.000000 35.000000 1
10.000000 37.500000 1
10.000000 40.000000 1
12.500000 22.500000 1
12.500000 25.000000 1
12.500000 27.500000 1
12.500000 30.000000 1
12.500000 32.500000 1
12.500000 35.000000 1
12.500000 37.500000 1
12.500000 40.000000 1
12.500000 42.500000 1
12.500000 45.000000 1
15.000000 22.500000 1
15.000000 25.000000 1
15.000000 27.500000 1
15.000000 30.000000 1
15.000000 32.500000 1
15.000000 35.000000 1
15.000000 37.500000 1
15.000000 40.000000 1
15.000000 42.500000 1
15.000000 45.000000 1
17.500000 27.500000 1
17.500000 30.000000 1
17.500000 32.500000 1
17.500000 35.000000 1
17.500000 37.500000 1
17.500000 40.000000 1
17.500000 42.500000 1
17.500000 45.000000 1
20.000000 32.500000 1
20.000000 35.000000 1
20.000000 37.500000 1
20.000000 40.000000 1
20.000000 42.500000 1
20.000000 45.000000 1


50.000000 50.000000 0
-10.000000 -10.000000 0
40.000000 4.000000 3
4.000000 40.000000 0
