1 19.500000
2 19.500000
3 13.500000
4 19.500000
5 9.000000
6 2.000000
7 6.000000
8 2.000000
9 3.500000
10 1.500000
11 3.500000
12 10.500000
13 7.500000
14 3.500000
15 11.000000
16 9.500000
17 6.000000
18 2.000000
19 3.500000
20 1.500000
21 2.500000
22 8.500000
23 6.000000
24 3.500000
25 9.500000
26 7.500000
27 2.000000
28 3.500000
29 1.500000
30 3.000000
31 8.000000
32 6.500000
33 3.500000
34 1.500000
35 3.000000
36 8.000000
37 6.500000
38 3.500000
39 2.000000
40 7.000000
41 6.000000
42 2.500000
43 8.000000
44 6.500000
45 4.500000
46 2.000000
47 7.500000
48 6.000000
49 3.000000
50 8.000000
51 6.500000
52 4.000000
53 2.000000
54 7.500000
55 6.000000
56 2.500000
57 8.000000
58 6.500000
59 3.500000
60 2.000000
61 7.000000
62 6.000000
63 2.500000
64 7.500000
65 6.500000
66 6.000000
67 2.500000
68 8.000000
69 6.500000
70 3.500000
71 1.500000
72 2.500000
73 7.500000
74 6.000000
75 3.500000
76 2.000000
77 7.000000
78 5.000000
79 2.500000
80 7.500000
81 6.000000
82 4.500000
83 2.000000
84 7.500000
85 6.000000
86 3.500000
87 1.500000
88 2.000000
89 7.000000
90 6.000000
91 3.500000
92 2.000000
93 6.500000
94 4.500000
95 2.000000
96 7.000000
97 6.000000
98 4.500000
99 2.000000
100 7.000000
101 6.000000
102 3.500000
103 1.500000
104 2.000000
105 7.000000
106 6.000000
107 3.500000
108 2.000000
109 6.000000
110 3.500000
111 2.000000
112 7.000000
113 6.000000
114 3.500000
115 2.000000
116 6.500000
117 4.000000
118 2.000000
119 7.000000
120 6.000000
121 3.500000
122 2.000000
123 6.500000
124 4.000000
125 2.000000
126 7.000000
127 6.000000
128 3.500000
129 2.000000
130 6.000000
131 3.500000
132 2.000000
133 7.000000
134 6.000000
135 3.500000
136 2.000000
137 6.000000
138 4.000000
139 2.000000
140 7.000000
141 6.000000
142 3.500000
143 2.000000
144 6.000000
145 3.500000
146 2.000000
147 7.000000
148 5.500000
149 4.000000
150 2.000000
151 7.000000
152 5.500000
153 2.000000
154 7.500000
155 6.000000
156 3.500000
157 2.000000
158 7.000000
159 6.000000
160 7.500000
161 2.000000
162 3.500000
163 1.000000
164 2.000000
165 7.000000
166 5.500000
167 3.500000
168 1.000000
169 2.000000
170 7.000000
171 5.500000
172 3.500000
173 2.000000
174 6.000000
175 3.500000
176 2.000000
177 6.500000
178 5.500000
179 3.500000
180 2.000000
181 6.000000
182 3.500000
183 2.000000
184 6.500000
185 5.500000
186 3.500000
187 2.000000
188 6.000000
189 3.500000
190 2.000000
191 6.500000
192 5.500000
193 3.500000
194 2.000000
195 6.000000
196 3.500000
197 2.000000
198 6.500000
199 5.500000
200 3.500000
201 2.000000
202 6.000000
203 3.500000
204 2.000000
205 6.500000
206 5.500000
207 3.500000
208 2.000000
209 6.000000
210 3.500000
211 2.000000
212 6.500000
213 5.500000
214 3.500000
215 2.000000
216 6.500000
217 5.000000
218 2.000000
219 1.000000
220 2.000000
221 6.500000
222 5.000000
223 2.000000
224 1.000000
225 2.000000
226 5.500000
227 4.500000
228 3.500000
229 2.000000
230 5.500000
231 3.500000
232 2.000000
233 5.500000
234 5.000000
235 3.500000
236 2.000000
237 5.500000
238 3.500000
239 2.000000
240 5.500000
241 4.500000
242 3.500000
243 2.000000
244 5.500000
245 4.500000
246 7.000000
247 5.500000
248 3.500000
249 2.000000
250 6.000000
251 1.500000
252 2.000000
253 0.500000
254 2.000000
255 3.500000
256 2.000000
257 5.500000
258 4.500000
259 2.000000
260 5.500000
261 4.500000
262 2.000000
263 0.500000
264 2.000000
265 3.500000
266 2.000000
267 5.500000
268 4.000000
269 2.000000
270 1.000000
271 2.000000
272 6.000000
273 5.000000
274 3.500000
275 2.000000
276 5.500000
277 4.000000
278 2.000000
279 1.500000
280 2.000000
281 6.000000
282 5.000000
283 3.500000
284 2.000000
285 5.500000
286 4.000000
287 2.000000
288 1.000000
289 2.000000
290 6.000000
291 5.000000
292 3.500000
293 2.000000
294 5.500000
295 4.000000
296 2.000000
297 1.000000
298 2.000000
299 6.000000
300 5.000000
301 3.500000
302 2.000000
303 5.000000
304 4.000000
305 2.000000
306 2.000000
307 6.000000
308 5.000000
309 3.500000
310 2.000000
311 5.000000
312 4.000000
313 2.000000
314 5.500000
315 4.000000
316 2.000000
317 0.500000
318 2.000000
319 3.500000
320 2.000000
321 5.000000
322 4.000000
323 2.000000
324 6.000000
325 4.500000
326 3.500000
327 2.000000
328 6.000000
329 4.500000
330 3.500000
331 2.000000
332 0.500000
333 2.000000
334 3.500000
335 2.000000
336 5.000000
337 4.000000
338 2.000000
339 5.000000
340 3.500000
341 2.000000
342 5.500000
343 4.500000
344 2.000000
345 1.000000
346 2.000000
347 0.500000
348 1.500000
349 3.500000
350 2.000000
351 1.500000
352 3.500000
353 2.000000
354 3.500000
355 2.000000
356 5.000000
357 3.500000
358 2.000000
359 0.500000
360 2.000000
361 5.000000
362 3.500000
363 2.000000
364 0.500000
365 2.000000
366 4.500000
367 3.500000
368 2.000000
369 0.500000
370 2.000000
371 5.000000
372 3.500000
373 2.000000
374 0.500000
375 2.000000
376 4.500000
377 3.500000
378 2.000000
379 0.500000
380 2.000000
381 5.000000
382 3.500000
383 2.000000
384 0.500000
385 2.000000
386 5.000000
387 3.500000
388 2.000000
389 0.500000
390 2.000000
391 5.000000
392 3.500000
393 2.000000
394 5.000000
395 3.500000
396 2.000000
397 0.500000
398 2.000000
399 5.000000
400 4.000000
401 3.000000
402 2.000000
403 3.500000
404 2.000000
405 5.000000
406 4.000000
407 3.500000
408 2.000000
409 3.500000
410 2.000000
411 0.500000
412 2.000000
413 3.500000
414 2.000000
415 4.500000
416 3.500000
417 1.500000
418 3.500000
419 2.000000
420 3.500000
421 2.000000
422 0.500000
423 2.000000
424 3.500000
425 2.000000
426 0.500000
427 2.000000
428 3.500000
429 2.000000
430 0.500000
431 2.000000
432 3.500000
433 2.000000
434 0.500000
435 2.000000
436 3.500000
437 2.000000
438 0.500000
439 2.000000
440 3.500000
441 2.000000
442 0.500000
443 2.000000
444 3.500000
445 2.000000
446 0.500000
447 2.000000
448 3.500000
449 2.000000
450 0.500000
451 2.000000
452 3.500000
453 2.000000
454 0.500000
455 2.000000
456 3.500000
457 2.000000
458 0.500000
459 2.000000
460 3.500000
461 2.000000
462 0.500000
463 2.000000
464 3.500000
465 2.000000
466 0.500000
467 2.000000
468 3.500000
469 2.000000
470 0.500000
471 2.000000
472 3.500000
473 2.000000
474 0.500000
475 2.000000
476 3.500000
477 2.000000
478 0.500000
479 2.000000
480 3.500000
481 2.000000
482 0.500000
483 2.000000
484 3.500000
485 2.000000
486 0.500000
487 2.000000
488 3.500000
489 2.000000
490 0.500000
491 2.000000
492 3.500000
493 2.000000
494 0.500000
495 2.000000
496 3.500000
497 2.000000
498 0.500000
499 2.000000
500 3.500000
501 2.000000
502 0.500000
503 2.000000
504 3.500000
505 2.000000
506 0.500000
507 2.000000
508 3.500000
509 2.000000
510 0.500000
511 2.000000
512 3.500000
513 2.000000
514 0.500000
515 2.000000
516 3.500000
517 2.000000
518 0.500000
519 2.000000
520 3.500000
521 2.000000
522 0.500000
523 2.000000
524 3.500000
525 2.000000
526 0.500000
527 2.000000
528 3.500000
529 2.000000
530 0.500000
531 2.000000
532 3.500000
533 2.000000
534 0.500000
535 2.000000
536 3.500000
537 2.000000
538 0.500000
539 2.000000
540 3.500000
541 2.000000
542 0.500000
543 2.000000
544 3.500000
545 2.000000
546 0.500000
547 2.000000
548 3.500000
549 2.000000
550 0.500000
551 2.000000
552 3.500000
553 2.000000
554 0.500000
555 2.000000
556 3.500000
557 2.000000
558 0.500000
559 2.000000
560 3.500000
561 2.000000
562 0.500000
563 2.000000
564 3.500000
565 2.000000
566 0.500000
567 2.000000
568 3.500000
569 2.000000
570 0.500000
571 2.000000
572 3.500000
573 2.000000
574 0.500000
575 2.000000
576 3.500000
577 2.000000
578 0.500000
579 2.000000
580 3.500000
581 2.000000
582 0.500000
583 2.000000
584 3.500000
585 2.000000
586 0.500000
587 2.000000
588 3.500000
589 2.000000
590 0.500000
591 2.000000
592 3.500000
593 2.000000
594 0.500000
595 2.000000
596 3.500000
597 2.000000
598 0.500000
599 2.000000
600 3.500000
601 2.000000
602 0.500000
603 2.000000
604 3.500000
605 2.000000
606 0.500000
607 2.000000
608 3.500000
609 2.000000
610 0.500000
611 2.000000
612 3.500000
613 2.000000
614 0.500000
615 2.000000
616 3.500000
617 2.000000
618 0.500000
619 2.000000
620 3.500000
621 2.000000
622 0.500000
623 2.000000
624 3.500000
625 2.000000
626 0.500000
627 2.000000
628 3.500000
629 2.000000
630 0.500000
631 2.000000
632 3.500000
633 2.000000
634 0.500000
635 2.000000
636 3.500000
637 2.000000
638 0.500000
639 2.000000
640 3.500000
641 2.000000
642 0.500000
643 2.000000
644 3.500000
645 2.000000
646 0.500000
647 2.000000
648 3.500000
649 2.000000
650 0.500000
651 2.000000
652 3.500000
653 2.000000
654 0.500000
655 2.000000
656 3.500000
657 2.000000
658 0.500000
659 2.000000
660 3.500000
661 2.000000
662 0.500000
663 2.000000
664 3.500000
665 2.000000
666 0.500000
667 2.000000
668 3.500000
669 2.000000
670 0.500000
671 2.000000
672 3.500000
673 2.000000
674 0.500000
675 2.000000
676 3.500000
677 2.000000
678 0.500000
679 2.000000
680 3.500000
681 2.000000
682 0.500000
683 2.000000
684 3.500000
685 2.000000
686 0.500000
687 2.000000
688 3.500000
689 2.000000
690 0.500000
691 2.000000
692 3.500000
693 2.000000
694 0.500000
695 2.000000
696 3.500000
697 2.000000
698 0.500000
699 2.000000
700 3.500000
701 2.000000
702 0.500000
703 2.000000
704 3.500000
705 2.000000
706 0.500000
707 2.000000
708 3.500000
709 2.000000
710 0.500000
711 2.000000
712 3.500000
713 2.000000
714 0.500000
715 2.000000
716 4.000000
717 2.000000
718 0.500000
719 2.000000
720 4.000000
721 2.000000
722 0.500000
723 2.000000
724 4.000000
725 2.000000
726 0.500000
727 2.000000
728 4.000000
729 2.000000
730 0.500000
731 2.000000
732 4.000000
733 2.000000
734 0.500000
735 2.000000
736 4.000000
737 2.500000
738 1.000000
739 2.500000
740 1.000000
741 2.500000
742 1.000000
743 2.500000
744 0.500000
745 2.500000
746 0.500000
747 2.500000
748 0.500000
749 2.500000
750 0.500000
751 2.500000
752 0.500000
753 2.500000
754 0.500000
755 2.500000
756 0.500000
757 2.500000
758 0.500000
759 2.500000
760 0.500000
761 2.500000
762 0.500000
763 2.500000
764 0.500000
765 2.500000
766 0.500000
767 2.500000
768 0.500000
769 2.500000
770 0.500000
771 2.500000
772 0.500000
773 2.500000
774 0.500000
775 2.500000
776 0.500000
777 2.500000
778 0.500000
779 2.500000
780 0.500000
781 2.500000
782 0.500000
783 2.500000
784 0.500000
785 2.500000
786 0.500000
787 2.500000
788 0.500000
789 2.500000
790 0.500000
791 2.500000
792 0.500000
793 2.500000
794 0.500000
795 2.500000
796 0.500000
797 2.500000
798 0.500000
799 2.500000
800 0.500000
801 2.500000
802 0.500000
803 2.500000
804 0.500000
805 2.500000
806 0.500000
807 2.500000
808 0.500000
809 2.500000
810 0.500000
811 2.500000
812 0.500000
813 2.500000
814 0.500000
815 2.500000
816 0.500000
817 2.500000
818 0.500000
819 2.500000
820 0.500000
821 2.500000
822 0.500000
823 2.500000
824 0.500000
825 2.500000
826 0.500000
827 2.500000
828 0.500000
829 2.500000
830 0.500000
831 2.500000
832 0.500000
833 2.500000
834 0.500000
835 2.500000
836 0.500000
837 2.500000
838 0.500000
839 2.500000
840 0.500000
841 2.500000
842 0.500000
843 2.500000
844 0.500000
845 2.500000
846 0.500000
847 2.500000
848 0.500000
849 2.500000
850 0.500000
851 2.500000
852 0.500000
853 2.500000
854 0.500000
855 2.500000
856 0.500000
857 2.500000
858 0.500000
859 2.500000
860 0.500000
861 2.500000
862 0.500000
863 2.500000
864 0.500000
865 2.500000
866 0.500000
867 2.500000
868 0.500000
869 2.500000
870 0.500000
871 2.500000
872 0.500000
873 2.500000
874 0.500000
875 2.500000
876 0.500000
877 2.500000
878 0.500000
879 2.500000
880 0.500000
881 2.500000
882 0.500000
883 2.500000
884 0.500000
885 2.500000
886 0.500000
887 2.500000
888 0.500000
889 2.500000
890 0.500000
891 2.500000
892 0.500000
893 2.500000
894 0.500000
895 2.500000
896 0.500000
897 2.500000
898 0.500000
899 2.500000
900 0.500000
901 2.500000
902 0.500000
903 2.500000
904 0.500000
905 2.500000
906 0.500000
907 2.500000
908 0.500000
909 2.500000
910 0.500000
911 2.500000
912 0.500000
913 2.500000
914 0.500000
915 2.500000
916 0.500000
917 2.500000
918 0.500000
919 2.500000
920 0.500000
921 2.500000
922 0.500000
923 2.500000
924 0.500000
925 2.500000
926 0.500000
927 2.500000
928 0.500000
929 2.500000
930 0.500000
931 2.500000
932 0.500000
933 2.500000
934 0.500000
935 2.500000
936 0.500000
937 2.500000
938 0.500000
939 2.500000
940 0.500000
941 2.500000
942 0.500000
943 2.500000
944 0.500000
945 2.500000
946 0.500000
947 2.500000
948 0.500000
949 2.500000
950 0.500000
951 2.500000
952 0.500000
953 2.500000
954 0.500000
955 2.500000
956 0.500000
957 2.500000
958 0.500000
959 2.500000
960 0.500000
961 2.500000
962 0.500000
963 2.500000
964 0.500000
965 2.500000
966 0.500000
967 2.500000
968 0.500000
969 2.500000
970 0.500000
971 2.500000
972 0.500000
973 2.500000
974 0.500000
975 2.500000
976 0.500000
977 2.500000
978 0.500000
979 2.500000
980 0.500000
981 2.500000
982 0.500000
983 2.500000
984 0.500000
985 2.500000
986 0.500000
987 2.500000
988 0.500000
989 2.500000
990 0.500000
991 2.500000
992 0.500000
993 2.500000
994 0.500000
995 2.500000
996 0.500000
997 2.500000
998 0.500000
999 2.500000
1000 0.500000
1001 2.500000
1002 0.500000
1003 2.500000
1004 0.500000
1005 2.500000
1006 0.500000
1007 2.500000
1008 0.500000
1009 2.500000
1010 0.500000
1011 2.500000
1012 0.500000
1013 2.500000
1014 0.500000
1015 2.500000
1016 0.500000
1017 2.500000
1018 0.500000
1019 2.500000
1020 0.500000
1021 2.500000
1022 0.500000
1023 2.500000
1024 0.500000
1025 2.500000
1026 0.500000
1027 2.500000
1028 0.500000
1029 2.500000
1030 0.500000
1031 2.500000
1032 0.500000
1033 2.500000
1034 0.500000
1035 2.500000
1036 0.500000
1037 2.500000
1038 0.500000
1039 2.500000
1040 0.500000
1041 2.500000
1042 0.500000
1043 2.500000
1044 0.500000
1045 2.500000
1046 0.500000
1047 2.500000
1048 0.500000
1049 2.500000
1050 0.500000
1051 2.500000
1052 0.500000
1053 2.500000
1054 0.500000
1055 2.500000
1056 0.500000
1057 2.500000
1058 0.500000
1059 2.500000
1060 0.500000
1061 2.500000
1062 0.500000
1063 2.500000
1064 0.500000
1065 2.500000
1066 0.500000
1067 2.500000
1068 0.500000
1069 2.500000
1070 0.500000
1071 2.500000
1072 0.500000
1073 2.500000
1074 0.500000
1075 2.500000
1076 0.500000
1077 2.500000
1078 0.500000
1079 2.500000
1080 0.500000
1081 2.500000
1082 0.500000
1083 2.500000
1084 0.500000
1085 2.500000
1086 0.500000
1087 2.500000
1088 0.500000
1089 2.500000
1090 0.500000
1091 2.500000
1092 0.500000
1093 2.500000
1094 0.500000
1095 2.500000
1096 0.500000
1097 2.500000
1098 0.500000
1099 2.500000
1100 0.500000
1101 2.500000
1102 0.500000
1103 2.500000
1104 0.500000
1105 2.500000
1106 0.500000
1107 2.500000
1108 0.500000
1109 2.500000
1110 0.500000
1111 2.500000
1112 0.500000
1113 2.500000
1114 0.500000
1115 2.500000
1116 0.500000
1117 2.500000
1118 0.500000
1119 2.500000
1120 0.500000
1121 2.500000
1122 0.500000
1123 2.500000
1124 0.500000
1125 2.500000
1126 0.500000
1127 2.500000
1128 0.500000
1129 2.500000
1130 0.500000
1131 2.500000
1132 0.500000
1133 2.500000
1134 0.500000
1135 2.500000
1136 0.500000
1137 2.500000
1138 0.500000
1139 2.500000
1140 0.500000
1141 2.500000
1142 0.500000
1143 2.500000
1144 0.500000
1145 2.500000
1146 0.500000
1147 2.500000
1148 0.500000
1149 2.500000
1150 0.500000
1151 2.500000
1152 0.500000
1153 2.500000
1154 0.500000
1155 2.500000
1156 0.500000
1157 2.500000
1158 0.500000
1159 2.500000
1160 0.500000
1161 2.500000
1162 0.500000
1163 2.500000
1164 0.500000
1165 2.500000
1166 0.500000
1167 2.500000
1168 0.500000
1169 2.500000
1170 0.500000
1171 2.500000
1172 0.500000
1173 2.500000
1174 0.500000
1175 2.500000
1176 0.500000
1177 2.500000
1178 0.500000
1179 2.500000
1180 0.500000
1181 2.500000
1182 0.500000
1183 2.500000
1184 0.500000
1185 2.500000
1186 0.500000
1187 2.500000
1188 0.500000
1189 2.500000
1190 0.500000
1191 2.500000
1192 0.500000
1193 2.500000
1194 0.500000
1195 2.500000
1196 0.500000
1197 2.500000
1198 0.500000
1199 2.500000
1200 0.500000
1201 2.500000
1202 0.500000
1203 2.500000
1204 0.500000
1205 2.500000
1206 0.500000
1207 2.500000
1208 0.500000
1209 2.500000
1210 0.500000
1211 2.500000
1212 0.500000
1213 2.500000
1214 0.500000
1215 2.500000
1216 0.500000
1217 0.000000
